start=871.503967
speed=0.980000
volume-restore-data=softvol:16.666666:16.666666:0:600.000000
